Name process: Beckish

Process_ID: 0	Count process: 1

 Matrix 9x9

    21.396     60.734     14.671     57.512      71.76      46.03     97.896     34.155     23.821 
    98.023     12.934     54.774     45.847     74.847     71.294     56.568      16.07     34.628 
    28.374     46.113     28.364     56.901     89.482     67.197     24.795     81.567     63.211 
    62.361     45.175     91.579     87.103     87.229     59.722     11.782     59.435     37.596 
    21.901     27.582     89.524     50.755     12.194     91.809     52.479     15.815     54.604 
    18.146     59.908     59.517     48.298     28.827      15.63     13.808     27.466     46.695 
    46.794     28.116     83.582     86.299     29.872     65.091     83.227      26.32     67.281 
    24.761     43.127     31.423      22.35     35.163     97.181     19.116     20.607     63.843 
    24.084      84.41      37.61     49.916     98.764     54.647     97.832     85.973     74.783 

    21.396     60.734     14.671     57.512      71.76      46.03     97.896     34.155     23.821 
         0     12.934     54.774     45.847     74.847     71.294     56.568      16.07          0 
         0          0     28.364     56.901     89.482     67.197     24.795          0          0 
         0          0          0     87.103     87.229     59.722          0          0          0 
         0          0          0          0     12.194          0          0          0          0 
         0          0          0          0          0          0          0          0          0 
         0          0          0          0          0          0          0          0          0 
         0          0          0          0          0          0          0          0          0 
         0          0          0          0          0          0          0          0          0 

    21.396     60.734     14.671     57.512      71.76      46.03     97.896     34.155     23.821 
    12.934     54.774     45.847     74.847     71.294     56.568      16.07     28.364     56.901 
    89.482     67.197     24.795     87.103     87.229     59.722     12.194 

    21.396     60.734     14.671     57.512      71.76      46.03     97.896     34.155     23.821 
         0     12.934     54.774     45.847     74.847     71.294     56.568      16.07          0 
         0          0     28.364     56.901     89.482     67.197     24.795          0          0 
         0          0          0     87.103     87.229     59.722          0          0          0 
         0          0          0          0     12.194          0          0          0          0 
         0          0          0          0          0          0          0          0          0 
         0          0          0          0          0          0          0          0          0 
         0          0          0          0          0          0          0          0          0 
         0          0          0          0          0          0          0          0          0 
